{"EN_0": [[0.0, 0.03222803208894539, 0.11178350624342384, 0.07287616554806936, 0.10946792392695351, 0.05170840314831173, 0.036854811793611275, 0.018198296182695257, 0.1225245839339982, 0.1543258865808775, 0.04976312535295314, 0.3897917686127422, 0.0199653498300499, 0.10132489649106804, 0.030933134574555772, 0.025395535636079294, 0.024502849579603924, 0.19063934731621185, 0.10296259284313412, 0.24704185926633385, 0.07719577797571928, 0.05354798334214962, 0.814757943920579, 0.01898720798336965, 0.06461496848804894, 0.11543192350089658, 0.02012270754247125, 0.02321052063090367, 0.02359486581642427, 0.021359268405574484, 0.017731472703451174, 0.01957065098687301, 0.020074136409752346, 0.08008452692993286, 0.02100666779624911, 0.025991792417544783, 0.01872683723911319, 0.021451065918806127, 0.018153315218088474, 0.027565680697844236, 0.018069913500048652, 0.04338434880348222, 0.045501356342587514, 0.015048129879749322, 0.01978618449869675, 0.021915827231629794, 0.019337670059513427, 0.020672584867777292, 0.025047544669447502, 0.022561858037387632, 0.042072904886081605, 0.02068229385853951, 0.1898849196784469, 0.07074834376914692, 0.023421677862714405, 0.333727369097147, 0.022234611656863384, 0.02123296968628589, 0.021170967892308424, 0.02255886233080118, 0.0264205773613085], [0.03222803208894539, 0.0, 0.07364008402808665, 0.05830151961423487, 0.06445171911073419, 0.037718750154012964, 0.028921998550667617, 0.026956496026653932, 0.07999768351790411, 0.10618103137549324, 0.035521396202305294, 0.3010100935934459, 0.03231958525447913, 0.07558923012176459, 0.031213653198635283, 0.05735409242400307, 0.038064976610012666, 0.14079187937672974, 0.07016017588719259, 0.19821406983616782, 0.049463156215779264, 0.042053124973360924, 0.6994491421810975, 0.0444496264455485, 0.041947729533251266, 0.10289054147405606, 0.041193373979597624, 0.052303422172438135, 0.03359335162294015, 0.035484008024998404, 0.04880619452640601, 0.04546307022079679, 0.03690810332025315, 0.06589106479901764, 0.039560023519736205, 0.02369151721589485, 0.03770129578130998, 0.03458882352985992, 0.03354000700186534, 0.05890500721604156, 0.03715668226108442, 0.029594545355892503, 0.0312287075610639, 0.032871981543153295, 0.04071989134588034, 0.05686454759038095, 0.030639393442778884, 0.03386962421224353, 0.02921591167648154, 0.024762852115072353, 0.028806667211849102, 0.03644133883535503, 0.1406055518535298, 0.046192650860983724, 0.0304924816916824, 0.2537725659330787, 0.040317644310894046, 0.031290630056013256, 0.032210462641775336, 0.03477904335096835, 0.02602408094547506], [0.11178350624342384, 0.07364008402808665, 0.0, 0.062334242392957435, 0.06298939976318028, 0.08036251427696153, 0.08710430126509391, 0.11800519760235642, 0.07642914154753026, 0.08533488132987962, 0.0664345443476982, 0.20092236962312854, 0.10538013172424361, 0.0817815084539239, 0.09362059247735575, 0.1763973364657655, 0.11994725920840243, 0.09067313620218061, 0.05184679021335963, 0.13078126210419042, 0.0733055075453866, 0.07585358780146528, 0.47650437466933054, 0.15162227136051962, 0.06244337331177398, 0.09071479780941615, 0.15063664364620485, 0.1692369719630511, 0.12853600382093971, 0.12634498533349622, 0.15922275747695233, 0.15306581915896472, 0.13492729226093284, 0.08389760964344083, 0.14953959032758973, 0.10014474520418988, 0.14136630030562028, 0.13546165568923912, 0.12796107138348753, 0.18124529848170626, 0.13961637359412196, 0.0782696018213182, 0.07768469669290815, 0.11620679492179693, 0.1418844787260927, 0.17212115956704244, 0.12204562307449215, 0.13633427586750607, 0.10119602671807139, 0.1089377800419347, 0.08434743960701735, 0.12681133849110807, 0.10645202822983114, 0.06978998482570771, 0.11651507200980013, 0.1816160058434682, 0.14747211904419769, 0.11594512514113164, 0.12423686231476574, 0.1359115563678654, 0.09271417492035337], [0.07287616554806936, 0.05830151961423487, 0.062334242392957435, 0.0, 0.07747922113096165, 0.05548208628564637, 0.04783587174235694, 0.07801629888475568, 0.058328231476920095, 0.08934403365457542, 0.05208732431270694, 0.22568518135869498, 0.06797073034711573, 0.054370749032171366, 0.0639258387017691, 0.1243723446349384, 0.07308133494601081, 0.09703699609093906, 0.039532409740376334, 0.1411297564445104, 0.050605928812260385, 0.054763956636166254, 0.5385792240650376, 0.10765259854490491, 0.034276269806176006, 0.0918801207065475, 0.09834834888112196, 0.11594150619757368, 0.09082288075046535, 0.08804844387606277, 0.10741211268322516, 0.10412803552649749, 0.0911155556285122, 0.05699244993447583, 0.10196909803524466, 0.06121423985229062, 0.09563311356536536, 0.09360681447582642, 0.0819071091967838, 0.13071160838293697, 0.09000065794778574, 0.0612488290257534, 0.0560729338594125, 0.07724743960406309, 0.09962685859803098, 0.12193444385008614, 0.08218277121001231, 0.09134872437725652, 0.06565746917575681, 0.0747061787068395, 0.05344505562591308, 0.08917380396354631, 0.11069570428792846, 0.05178445125187298, 0.0768305816381894, 0.20000814929312613, 0.10265572016300287, 0.07939802053732631, 0.08703301351054862, 0.09851798277070768, 0.06405925392665612], [0.10946792392695351, 0.06445171911073419, 0.06298939976318028, 0.07747922113096165, 6.844486367663131e-15, 0.06331775453502893, 0.07016219703468835, 0.10027669810493406, 0.0648729513614805, 0.07348884741305306, 0.0523426741458256, 0.18733323437630026, 0.08582376869784253, 0.08425126529537129, 0.08453528595715565, 0.1598675845028798, 0.10016322325549473, 0.09194717366887831, 0.05646967793188339, 0.14459057610444198, 0.05867893814226263, 0.06092929072227573, 0.5117086156427777, 0.13341385356721516, 0.0690121149635543, 0.10287499271130433, 0.12652948515050394, 0.15148488111649389, 0.1086514225078603, 0.10675090630007492, 0.13639276551642984, 0.13132043557633716, 0.1151158549007914, 0.06890401362833128, 0.13022139924487755, 0.0800716315785814, 0.12493760122250817, 0.10923178055816425, 0.11652889826878443, 0.16344042949498372, 0.11732972959465458, 0.06536237723981178, 0.06325629641100586, 0.09987450196151698, 0.11758131072265103, 0.1450807851833924, 0.09206835919485906, 0.11554991123072561, 0.09297123761105841, 0.08965994081198055, 0.06244965261666473, 0.10980858421390596, 0.10272956757502899, 0.060526404313667875, 0.09960951253907836, 0.1695415842990807, 0.13105860115902646, 0.09582577983975031, 0.10951104378417877, 0.11841753172777808, 0.07224181105930001], [0.05170840314831173, 0.037718750154012964, 0.08036251427696153, 0.05548208628564637, 0.06331775453502893, 0.0, 0.031774419393354784, 0.044370330315984384, 0.07698666126647515, 0.10270161569609147, 0.03826157164172141, 0.26214294356964984, 0.04071870673530029, 0.06176109925892714, 0.039770833220369735, 0.08216664915556016, 0.04793173587574774, 0.11059511594898185, 0.06269756933196878, 0.16367396767962983, 0.04064655545346287, 0.038847969412604294, 0.6186234229600736, 0.06546249284356179, 0.04699455865002511, 0.09383307496619343, 0.057802679070950186, 0.07619007453281665, 0.05526163112426659, 0.05377092438281328, 0.06609184862409795, 0.06634083934075523, 0.054973031273454646, 0.05231860910988465, 0.06281435168354033, 0.03484379675203597, 0.06134966737779147, 0.04994445364766365, 0.053279186966503835, 0.08648073154860876, 0.05188999455703553, 0.03651239002051629, 0.037333988160305684, 0.04733548242549376, 0.056524207558136585, 0.07669922156499351, 0.042093009207990396, 0.05474506255518712, 0.04135343081211751, 0.0443423602620198, 0.031425055838799745, 0.05419671244358076, 0.12227019587520892, 0.0459353408486104, 0.0501789690521466, 0.21563986578715222, 0.06549394090020817, 0.046352130970244626, 0.055462269462670896, 0.05921355552310031, 0.03500227601898154], [0.036854811793611275, 0.028921998550667617, 0.08710430126509391, 0.04783587174235694, 0.07016219703468835, 0.031774419393354784, 1.3688972735326263e-14, 0.03225980136644702, 0.06916444496896787, 0.098215559566875, 0.038432341366947995, 0.28696456994686853, 0.025911252990200976, 0.07097717988642718, 0.032029965779307834, 0.06656132073393016, 0.03579751731439864, 0.12321236153084747, 0.06694135468298183, 0.17613490138147825, 0.043893793022340005, 0.03861872753044232, 0.6599022347240516, 0.05196912283939734, 0.043352707672964876, 0.10553464388068336, 0.04536233892939315, 0.06248686830531778, 0.04173477955461914, 0.04094565832427015, 0.052475503640000074, 0.05117113754531696, 0.0415352837698491, 0.06057140719401884, 0.04707628354715102, 0.02403159252967565, 0.04135517725299758, 0.03910527778172595, 0.04011597382469155, 0.06913089402083758, 0.04120861275176306, 0.03062621756838092, 0.03619841605686267, 0.03718926585552699, 0.04363952613803621, 0.061826899315708485, 0.033988857270221204, 0.04289613609418608, 0.030959527857768863, 0.03183693842164899, 0.028758725042342753, 0.04193802598449225, 0.127460276077661, 0.04383394094848749, 0.031795825865427736, 0.2246650401817099, 0.05158790680863907, 0.030896012823842994, 0.038051438973381445, 0.04673486419229382, 0.025342781637615174], [0.018198296182695257, 0.026956496026653932, 0.11800519760235642, 0.07801629888475568, 0.10027669810493406, 0.044370330315984384, 0.03225980136644702, 0.0, 0.118124107323061, 0.16232752238419496, 0.04390395757082145, 0.37825330769565124, 0.02098746208624371, 0.10195972183650313, 0.031186711024274574, 0.023475466515441315, 0.020206154497672157, 0.19399618689101142, 0.10685000588000078, 0.25026035794439105, 0.07127674102124991, 0.059139548440527996, 0.8212145052969358, 0.018575078129446553, 0.06917315653727606, 0.14120113070109122, 0.015081209195822553, 0.020795852785416655, 0.020122142615746123, 0.017999900345795402, 0.019390682025512026, 0.016916729421342744, 0.018347914053055192, 0.08052190109093153, 0.017731816984729355, 0.020121747030949613, 0.01569421531890917, 0.015581578836170009, 0.016000159401017917, 0.024963166980169392, 0.015474558277219207, 0.039629279523567554, 0.045418089099533404, 0.01741056335800755, 0.020153153098403792, 0.022856653311808636, 0.015615465612247685, 0.016088958333875466, 0.026511381267462907, 0.01865586202625852, 0.037435769257755325, 0.020796285079452234, 0.19635937178459373, 0.06823457284271083, 0.019277122016809055, 0.33013800641773927, 0.016604543905077963, 0.018895669212653142, 0.019111300539093164, 0.018432255551933677, 0.02572306222200427], [0.1225245839339982, 0.07999768351790411, 0.07642914154753026, 0.058328231476920095, 0.0648729513614805, 0.07698666126647515, 0.06916444496896787, 0.118124107323061, 0.0, 0.06665268674141941, 0.07312589117723436, 0.18006244850441272, 0.10778324537889872, 0.07607041942218781, 0.09871950403798366, 0.18778287789597914, 0.11653151895473784, 0.0685218166697767, 0.05831531430147895, 0.12092497995020808, 0.057399170746774184, 0.07052375002955844, 0.44272514030109006, 0.1580049673053711, 0.05283357280152785, 0.10936702625872119, 0.1502593142390363, 0.17873774980668541, 0.12786057203179574, 0.1341688913136792, 0.16190249180085156, 0.15719713819958822, 0.13516931411339414, 0.07273280957863189, 0.15415794638412467, 0.08989311228911509, 0.14803863396378314, 0.13421358153906332, 0.130538088180905, 0.19026687002131457, 0.13803296145201574, 0.07659765555007976, 0.07838035044600701, 0.12112225320202309, 0.13678851679528387, 0.17901560032075492, 0.11771474430232186, 0.13632021747142176, 0.1012613991187164, 0.1135007463523971, 0.0754283591770908, 0.13211706427588238, 0.08707329798170656, 0.06306269819026881, 0.11799362023938587, 0.15130245173761891, 0.15417002796937262, 0.11537734300983611, 0.1298162624298147, 0.1411579711167149, 0.09078990602070365], [0.1543258865808775, 0.10618103137549324, 0.08533488132987962, 0.08934403365457542, 0.07348884741305306, 0.10270161569609147, 0.098215559566875, 0.16232752238419496, 0.06665268674141941, 0.0, 0.09487316332205938, 0.17264561877450385, 0.1365981967748032, 0.09251489684531372, 0.13664897182217378, 0.23624042723208777, 0.15948349489438154, 0.08171216596624968, 0.06623795358624397, 0.11605706785465207, 0.08580273325150178, 0.09736308464921045, 0.4145898480170123, 0.20298216797789642, 0.06972842950320902, 0.09066711483179284, 0.1948509062357603, 0.22505280880029405, 0.17773506078821197, 0.17659873420579802, 0.20269385876803403, 0.2030169219109658, 0.1803718548427095, 0.09853158301009808, 0.1987687058018049, 0.12698982452825655, 0.1855778549340199, 0.17727078114107225, 0.17685134459579976, 0.24221657810586314, 0.1815137707220529, 0.11147256789686469, 0.11421037925001866, 0.15929027021258313, 0.181595463408629, 0.22305719707903038, 0.1560025886278925, 0.1817628412319855, 0.14359440923210628, 0.1461024568168374, 0.10501868558667193, 0.174489667013506, 0.09035600653330392, 0.09498190469316962, 0.1538406212597627, 0.13791254641824305, 0.2042506281247903, 0.14960853742967622, 0.16944562082911996, 0.189858083393321, 0.12002613377581867], [0.04976312535295314, 0.035521396202305294, 0.0664345443476982, 0.05208732431270694, 0.0523426741458256, 0.03826157164172141, 0.038432341366947995, 0.04390395757082145, 0.07312589117723436, 0.09487316332205938, 1.3688972735326263e-14, 0.25479949047884365, 0.04237084778967667, 0.062181041639537644, 0.0443199150633584, 0.08535610922291051, 0.046920503143649435, 0.11412933030373693, 0.056152747283846526, 0.16873596235463842, 0.048707154064649726, 0.04445964493330002, 0.6177346191212141, 0.07026281509307238, 0.04438481866881484, 0.0912442396586646, 0.06351492520851305, 0.07951421948913673, 0.06151973649907317, 0.055613899958388155, 0.07023951373006136, 0.06891182425456491, 0.05922259199759529, 0.05175762805499978, 0.0664696972699021, 0.036798692856905256, 0.06181144287854822, 0.05742525259654904, 0.05529491523466817, 0.0888540661896145, 0.057667936208455416, 0.04161981860471499, 0.039950077285957675, 0.04943805095371189, 0.06326777345969896, 0.07876592939595077, 0.04539387439129401, 0.05778856296925456, 0.046492675484266256, 0.045439413153545806, 0.039134116520652205, 0.05699775070932392, 0.12678010359470987, 0.043986085165616244, 0.04932560760385, 0.22219169600902572, 0.06531136247234846, 0.047222938346715426, 0.057927942183175575, 0.06333678392023068, 0.03736048064102246], [0.3897917686127422, 0.3010100935934459, 0.20092236962312854, 0.22568518135869498, 0.18733323437630026, 0.26214294356964984, 0.28696456994686853, 0.37825330769565124, 0.18006244850441272, 0.17264561877450385, 0.25479949047884365, 1.3688972735326263e-14, 0.3443812970348808, 0.19770613439682305, 0.3222227909692342, 0.4994610098681699, 0.359188263016509, 0.1319199545904062, 0.16520531829411897, 0.14009890827817442, 0.20482836243721175, 0.25155986339770364, 0.24584961681422657, 0.4532288545582253, 0.23188897464281397, 0.21827869984175616, 0.4318605766343715, 0.4809367854904251, 0.40014083809614825, 0.39943851465027796, 0.4566968200104775, 0.44969692835606295, 0.4152873103999533, 0.2160763754489896, 0.4438678668603855, 0.32462987971280066, 0.4343446486701119, 0.40228469087060625, 0.40091900265788105, 0.5090270355268908, 0.4134851415772854, 0.2819934245518393, 0.2860358970060667, 0.37931889287295384, 0.4211196183429255, 0.4853985138074696, 0.3739885929310201, 0.41052525559356173, 0.34343338832894826, 0.36124276052039345, 0.2739418679502904, 0.40123705055833336, 0.15800793581933342, 0.23213253624166752, 0.37499633910518454, 0.1366860937348271, 0.44435152358297686, 0.3646526922078751, 0.3977403929555332, 0.4191525759698728, 0.31010906068379573], [0.0199653498300499, 0.03231958525447913, 0.10538013172424361, 0.06797073034711573, 0.08582376869784253, 0.04071870673530029, 0.025911252990200976, 0.02098746208624371, 0.10778324537889872, 0.1365981967748032, 0.04237084778967667, 0.3443812970348808, 0.0, 0.08990386280885856, 0.02762565982634208, 0.03384317967456654, 0.022368307557257845, 0.16416462254703404, 0.09378554236435173, 0.22252483795402103, 0.06318346200231834, 0.04653039409732466, 0.7541454077563091, 0.024701307286745494, 0.05823587501888014, 0.12709404259099144, 0.022488235272957575, 0.03090939502769177, 0.025704450180488128, 0.023879194618121085, 0.025177530818080933, 0.02621173959408243, 0.02290979468564858, 0.07188702893970189, 0.025878658177166135, 0.019731385687576198, 0.02310584730183302, 0.021815827540823816, 0.023096145229546068, 0.03707673910008205, 0.020870815228473363, 0.03333375344425094, 0.03570418367602819, 0.016589358032811478, 0.022615269492318832, 0.031799791557872346, 0.018214958670282614, 0.02330143782907716, 0.024227612262024988, 0.023306467434286878, 0.036319543073812605, 0.025877792105251395, 0.17253329547479052, 0.061740304618201, 0.022433988091826396, 0.29338303626366324, 0.02615368953545777, 0.020857854067234897, 0.022928299906566436, 0.024736242006682917, 0.022898409193897434], [0.10132489649106804, 0.07558923012176459, 0.0817815084539239, 0.054370749032171366, 0.08425126529537129, 0.06176109925892714, 0.07097717988642718, 0.10195972183650313, 0.07607041942218781, 0.09251489684531372, 0.062181041639537644, 0.19770613439682305, 0.08990386280885856, 6.844486367663131e-15, 0.08892242948153078, 0.16009984659536855, 0.10187667421729478, 0.09634106697262751, 0.055560872526047446, 0.13024009428839844, 0.04246437801929961, 0.074916536551738, 0.4958480424537558, 0.13849082480485425, 0.04979091072652253, 0.08598600204156605, 0.12860695013796772, 0.15162972210579553, 0.11854388755310782, 0.12038758363111685, 0.13700417482759555, 0.139609631594239, 0.11679169825787557, 0.07026828324675456, 0.1301744246008487, 0.08095502600099153, 0.1273012493437617, 0.12005778990733518, 0.1101361030379849, 0.16709429729912867, 0.11570138127571422, 0.07491985554616666, 0.07040683316235861, 0.10813936620834119, 0.1283932873132945, 0.15414053198485791, 0.10640958953726495, 0.11597947985162846, 0.08772920744850578, 0.09822688404165232, 0.06482156488000342, 0.11916287083434875, 0.0995014004192035, 0.060588495571119005, 0.10420516895777751, 0.17619275633141407, 0.12930273176160892, 0.10097797692049734, 0.11448287855716859, 0.12426487983709131, 0.08224999891778156], [0.030933134574555772, 0.031213653198635283, 0.09362059247735575, 0.0639258387017691, 0.08453528595715565, 0.039770833220369735, 0.032029965779307834, 0.031186711024274574, 0.09871950403798366, 0.13664897182217378, 0.0443199150633584, 0.3222227909692342, 0.02762565982634208, 0.08892242948153078, 0.0, 0.04646331405755554, 0.03511361713577036, 0.14897307842874305, 0.0874387999498233, 0.217636397545526, 0.05622782832996311, 0.033008368314753456, 0.7276688462456764, 0.034400936624743604, 0.059967524167419205, 0.12083266778833554, 0.036202703817831625, 0.0427530660946442, 0.033006564736169634, 0.03192273566746799, 0.04003923271370973, 0.04096463974949201, 0.03638384003423595, 0.06622325520052748, 0.03712288778761442, 0.02511089155782675, 0.034104112037984316, 0.03408330507617658, 0.029442982479265325, 0.0548713128802337, 0.03361607732123991, 0.02628746653853255, 0.030254507654550948, 0.025255099939555384, 0.03326128803972184, 0.04939207421737692, 0.03141182277361219, 0.032717439234437665, 0.024122732990661894, 0.027716113318058868, 0.03551341097778284, 0.030906773393968648, 0.14926371146913053, 0.04745871707730039, 0.02788491789457092, 0.2596830460985929, 0.03855344367402223, 0.024130353473594084, 0.02760651287918158, 0.034957362409247135, 0.025085993909406943], [0.025395535636079294, 0.05735409242400307, 0.1763973364657655, 0.1243723446349384, 0.1598675845028798, 0.08216664915556016, 0.06656132073393016, 0.023475466515441315, 0.18778287789597914, 0.23624042723208777, 0.08535610922291051, 0.4994610098681699, 0.03384317967456654, 0.16009984659536855, 0.04646331405755554, 6.844486367663131e-15, 0.03343431731739624, 0.2731321352977103, 0.1731772090878182, 0.3422038854746506, 0.11956506257539902, 0.0880746276311707, 0.988074621524967, 0.005392210967782648, 0.1133240662025735, 0.20394895156618806, 0.008860926801417104, 0.0018720020714997954, 0.02132094989553738, 0.02140055882572588, 0.006722462142045873, 0.00982241370640564, 0.018124385152400342, 0.12672568378946564, 0.008999785267349548, 0.04208881154679962, 0.009788723542791524, 0.017207734482212723, 0.016351810124243353, 0.0038609132544039104, 0.013765010917804524, 0.06777244151060514, 0.0739894995157501, 0.021614737489330408, 0.014340916603724111, 0.007565579244171017, 0.025191427268717127, 0.015610622920686388, 0.03951332110895151, 0.03182828517722142, 0.07162587985969555, 0.022085203252515426, 0.2736731577544759, 0.11343027295333404, 0.026416812099188797, 0.43710228546459956, 0.010259603856139797, 0.028966565205304703, 0.0205179457108937, 0.016108755279196293, 0.04766543857315998], [0.024502849579603924, 0.038064976610012666, 0.11994725920840243, 0.07308133494601081, 0.10016322325549473, 0.04793173587574774, 0.03579751731439864, 0.020206154497672157, 0.11653151895473784, 0.15948349489438154, 0.046920503143649435, 0.359188263016509, 0.022368307557257845, 0.10187667421729478, 0.03511361713577036, 0.03343431731739624, 6.844486367663131e-15, 0.18289574025119487, 0.10237496083331353, 0.23797024452911936, 0.07144715546521893, 0.05796712379617403, 0.7877789805950332, 0.027964465941280457, 0.06900575597977328, 0.14259008959199576, 0.021620458263148366, 0.028809969203348468, 0.027890028145276646, 0.02173599080872347, 0.026996065891978036, 0.021830008056925188, 0.025665507714493583, 0.0704011243680687, 0.02603405245185766, 0.021163604289917298, 0.025255434275883854, 0.023636850661373006, 0.021751766367288605, 0.03508290528147515, 0.020150568012259815, 0.04286824883931461, 0.04112155831283037, 0.019654578830388476, 0.02716276953793099, 0.03082240673723598, 0.01737645983300111, 0.020515649738338443, 0.030572421061790703, 0.02106668375146479, 0.040189189806670106, 0.024134052710334978, 0.19296102231323412, 0.06570132369349634, 0.02246891469505855, 0.32719949189267367, 0.026045719579459278, 0.02452060907322594, 0.023491494118226604, 0.028424492404085237, 0.030037638273187263], [0.19063934731621185, 0.14079187937672974, 0.09067313620218061, 0.09703699609093906, 0.09194717366887831, 0.11059511594898185, 0.12321236153084747, 0.19399618689101142, 0.0685218166697767, 0.08171216596624968, 0.11412933030373693, 0.1319199545904062, 0.16416462254703404, 0.09634106697262751, 0.14897307842874305, 0.2731321352977103, 0.18289574025119487, 0.0, 0.07405380522513814, 0.11370568275769144, 0.09007518496101227, 0.10562167310252968, 0.3373994438707869, 0.23620853750759427, 0.09619763460428715, 0.10932674003396478, 0.22605736434488097, 0.2610765678234948, 0.20181669538567448, 0.20551404631768638, 0.23865694739850438, 0.23958053546306898, 0.21132307600245015, 0.09568992865061839, 0.23008508140994274, 0.14442033066572815, 0.2238599637768619, 0.20426374559146954, 0.20337169041568273, 0.27954588401222213, 0.20811805152913074, 0.12005898562577055, 0.12482811181837258, 0.1862536939986306, 0.20932669497451872, 0.2651055346845532, 0.18335869964865176, 0.21209638159878072, 0.15409877292163665, 0.1772821980889055, 0.12326808940512814, 0.19968159343361905, 0.08003677916572118, 0.09679501341588653, 0.18333324433053091, 0.10967135536411447, 0.23347319849060058, 0.17719561938782505, 0.20026646681045684, 0.2161059367561118, 0.14287151266308126], [0.10296259284313412, 0.07016017588719259, 0.05184679021335963, 0.039532409740376334, 0.05646967793188339, 0.06269756933196878, 0.06694135468298183, 0.10685000588000078, 0.05831531430147895, 0.06623795358624397, 0.056152747283846526, 0.16520531829411897, 0.09378554236435173, 0.055560872526047446, 0.0874387999498233, 0.1731772090878182, 0.10237496083331353, 0.07405380522513814, 0.0, 0.1192226136139782, 0.05578095471694372, 0.06312663333491449, 0.4557025195119107, 0.14630052228108506, 0.04353446345691576, 0.06822621088648165, 0.13803265527018763, 0.16349576121079043, 0.1258881511825958, 0.12341573446321434, 0.14552551002719818, 0.14386759072725494, 0.1267169944276075, 0.061205592150726594, 0.14093444513012066, 0.08269504151255493, 0.13731648058985702, 0.1260251283961396, 0.12208373368405664, 0.178460886349903, 0.1243980790117758, 0.07569696054934333, 0.07230993485597176, 0.10873869372650825, 0.13149412663097168, 0.1637150382938858, 0.10740072743517196, 0.1272458909075662, 0.0939246206992173, 0.10157768009115305, 0.06903059890118589, 0.12022870370111495, 0.08239076160571294, 0.05932193632775698, 0.1082671318984739, 0.1500829918999871, 0.14414444699714873, 0.10491450501216763, 0.12123131704436674, 0.132735859711557, 0.08151929589977452], [0.24704185926633385, 0.19821406983616782, 0.13078126210419042, 0.1411297564445104, 0.14459057610444198, 0.16367396767962983, 0.17613490138147825, 0.25026035794439105, 0.12092497995020808, 0.11605706785465207, 0.16873596235463842, 0.14009890827817442, 0.22252483795402103, 0.13024009428839844, 0.217636397545526, 0.3422038854746506, 0.23797024452911936, 0.11370568275769144, 0.1192226136139782, 0.0, 0.13182133123633763, 0.16531438171019486, 0.3262634413464624, 0.3065703574329837, 0.1499364793866648, 0.14041458304845045, 0.2930879613192172, 0.3301831949384178, 0.26670129735555453, 0.26052132290031227, 0.30761194753859605, 0.3032644457017246, 0.27015816429911993, 0.1470755693909705, 0.29975848726054455, 0.21411407885146716, 0.2875421475326532, 0.270855243524018, 0.26701401511381545, 0.345366309245994, 0.27270384458130953, 0.18643074867094553, 0.18223893805422633, 0.25305138882906075, 0.28336240171373767, 0.3301482684611584, 0.2518127417850407, 0.273262630403363, 0.21316057275901093, 0.2424050317066005, 0.17713266075180567, 0.265776234257204, 0.12277330887055732, 0.1515567058767841, 0.25104595315321576, 0.16350196971173522, 0.29726313077548794, 0.24069878510215342, 0.2655605636373206, 0.2766644773623909, 0.20231011045377056], [0.07719577797571928, 0.049463156215779264, 0.0733055075453866, 0.050605928812260385, 0.05867893814226263, 0.04064655545346287, 0.043893793022340005, 0.07127674102124991, 0.057399170746774184, 0.08580273325150178, 0.048707154064649726, 0.20482836243721175, 0.06318346200231834, 0.04246437801929961, 0.05622782832996311, 0.11956506257539902, 0.07144715546521893, 0.09007518496101227, 0.05578095471694372, 0.13182133123633763, 0.0, 0.045341219498528484, 0.5374415191522516, 0.09776278186402922, 0.04632637457016354, 0.0975022640553879, 0.08986974311894803, 0.11347242037066531, 0.07615298006838114, 0.08165121057015413, 0.10109209864278816, 0.10053847842647712, 0.08254044036601989, 0.055246256687714816, 0.09241971156621191, 0.05251467960683115, 0.09048525048896315, 0.07781741096889504, 0.07411160678859363, 0.12355749243786676, 0.08076963403242683, 0.04253581701757582, 0.048036427713274606, 0.07608810007471208, 0.08505477965386757, 0.11638996820238579, 0.07325528661529176, 0.07708350511690683, 0.060182423178122245, 0.06350817381831651, 0.036541150416739755, 0.07959942380046234, 0.09417471615973111, 0.039595011254388836, 0.06854587545686587, 0.17627672801032612, 0.09393428600639364, 0.06502645972942997, 0.0779164116981547, 0.08388110134807275, 0.04853365228141122], [0.05354798334214962, 0.042053124973360924, 0.07585358780146528, 0.054763956636166254, 0.06092929072227573, 0.038847969412604294, 0.03861872753044232, 0.059139548440527996, 0.07052375002955844, 0.09736308464921045, 0.04445964493330002, 0.25155986339770364, 0.04653039409732466, 0.074916536551738, 0.033008368314753456, 0.0880746276311707, 0.05796712379617403, 0.10562167310252968, 0.06312663333491449, 0.16531438171019486, 0.045341219498528484, 0.0, 0.6149883658561975, 0.06734350682231996, 0.0447583516366465, 0.08867118963966529, 0.0654171692778408, 0.0822673083048797, 0.05270114116637422, 0.062142994413250184, 0.06986066557702056, 0.07360332755991811, 0.060496754712343, 0.05211428233119803, 0.06906473251217252, 0.040738153781867646, 0.06664721831325963, 0.05730206181850919, 0.0538034745391953, 0.09600170985060962, 0.060518009121427394, 0.038389241880002443, 0.03721958983108231, 0.049081416214470285, 0.05858434722573575, 0.08534084095772326, 0.054141171777295646, 0.06243765367585188, 0.041397692551491845, 0.04867125698219515, 0.039184921833759705, 0.05438286492722102, 0.10729311482130587, 0.04969012716411872, 0.053291154065712054, 0.20460663157825926, 0.07466518946427952, 0.04795581975262951, 0.05902282667751334, 0.0638710732194574, 0.033416528376302476], [0.814757943920579, 0.6994491421810975, 0.47650437466933054, 0.5385792240650376, 0.5117086156427777, 0.6186234229600736, 0.6599022347240516, 0.8212145052969358, 0.44272514030109006, 0.4145898480170123, 0.6177346191212141, 0.24584961681422657, 0.7541454077563091, 0.4958480424537558, 0.7276688462456764, 0.988074621524967, 0.7877789805950332, 0.3373994438707869, 0.4557025195119107, 0.3262634413464624, 0.5374415191522516, 0.6149883658561975, 0.0, 0.915988662807944, 0.55549878879902, 0.4935031599326573, 0.8953938606943642, 0.9629448756092944, 0.8509639296018703, 0.8431136977489786, 0.9213803303714341, 0.9215450791655863, 0.8649964445026083, 0.5474588952882905, 0.9131531330400855, 0.7303670365819013, 0.892588897220006, 0.8576321138386112, 0.8446144189677525, 1.0, 0.855547729245303, 0.6575795410693579, 0.6609320390871682, 0.8112133953502323, 0.868480549174422, 0.9671544217983611, 0.8019528695333001, 0.8581859118484226, 0.7468891720109934, 0.7928715217923397, 0.6426570772190329, 0.8413470269151907, 0.3819407649252128, 0.5707534158054733, 0.8072102628109944, 0.29959851715392277, 0.9079908643572708, 0.787541972592828, 0.8430439719726481, 0.8698042324366978, 0.7141954338225542], [0.01898720798336965, 0.0444496264455485, 0.15162227136051962, 0.10765259854490491, 0.13341385356721516, 0.06546249284356179, 0.05196912283939734, 0.018575078129446553, 0.1580049673053711, 0.20298216797789642, 0.07026281509307238, 0.4532288545582253, 0.024701307286745494, 0.13849082480485425, 0.034400936624743604, 0.005392210967782648, 0.027964465941280457, 0.23620853750759427, 0.14630052228108506, 0.3065703574329837, 0.09776278186402922, 0.06734350682231996, 0.915988662807944, 6.844486367663131e-15, 0.09499706631609851, 0.17645726464104583, 0.008253210468120177, 0.0051667628275044244, 0.014867641430681889, 0.018003080693927736, 0.005303988822056827, 0.00947583025715069, 0.014205001894767652, 0.10647701797254669, 0.008133623669818379, 0.031457260211347184, 0.007961173273832268, 0.013518222606842916, 0.011660721255914046, 0.009035378737177175, 0.01035043791853989, 0.04990829434168399, 0.05821752078397775, 0.015014845503453143, 0.008556210316986196, 0.009292763333295598, 0.018537858092422872, 0.011781374040299079, 0.03083429385946971, 0.022800494679224008, 0.05718590870092493, 0.014046636381152701, 0.23450169972000728, 0.0953344502175622, 0.02087454554374764, 0.38886158300412255, 0.009798658857378222, 0.019685667477333708, 0.0151461412169718, 0.010431695171185968, 0.033203035046607425], [0.06461496848804894, 0.041947729533251266, 0.06244337331177398, 0.034276269806176006, 0.0690121149635543, 0.04699455865002511, 0.043352707672964876, 0.06917315653727606, 0.05283357280152785, 0.06972842950320902, 0.04438481866881484, 0.23188897464281397, 0.05823587501888014, 0.04979091072652253, 0.059967524167419205, 0.1133240662025735, 0.06900575597977328, 0.09619763460428715, 0.04353446345691576, 0.1499364793866648, 0.04632637457016354, 0.0447583516366465, 0.55549878879902, 0.09499706631609851, 1.3688972735326263e-14, 0.07819221408454347, 0.08690450011016286, 0.10535888727767188, 0.07867016504704681, 0.08349071978048098, 0.0951627331612414, 0.09406082875938931, 0.08106131267595555, 0.0541903398363219, 0.0897446684430092, 0.05168575853888696, 0.08488663695072024, 0.08341670200396681, 0.07266509489510298, 0.12081292494293008, 0.08011630943653988, 0.05558325480797254, 0.050690386690192414, 0.06895148700796722, 0.08772369792773359, 0.11075396767677045, 0.06935257484338465, 0.08061823311441656, 0.05932536176536527, 0.06557921583696184, 0.0470655540027946, 0.08142118965722576, 0.10420579133783303, 0.053116575585754756, 0.06517342884782851, 0.19779328110661185, 0.09365227036230632, 0.06935230946836374, 0.0775141525255122, 0.08851210826180293, 0.05366268996792152], [0.11543192350089658, 0.10289054147405606, 0.09071479780941615, 0.0918801207065475, 0.10287499271130433, 0.09383307496619343, 0.10553464388068336, 0.14120113070109122, 0.10936702625872119, 0.09066711483179284, 0.0912442396586646, 0.21827869984175616, 0.12709404259099144, 0.08598600204156605, 0.12083266778833554, 0.20394895156618806, 0.14259008959199576, 0.10932674003396478, 0.06822621088648165, 0.14041458304845045, 0.0975022640553879, 0.08867118963966529, 0.4935031599326573, 0.17645726464104583, 0.07819221408454347, 6.844486367663131e-15, 0.16510503879394794, 0.1938974254411417, 0.15401363957347342, 0.15615547942439406, 0.17133320151580408, 0.17980649263029375, 0.15922233278360934, 0.09164259857890768, 0.17212335927569564, 0.12074318550591516, 0.16636028594318863, 0.15573421390337294, 0.15302257807696068, 0.20877978064164568, 0.15260945702235856, 0.1108019268976856, 0.1119239581047081, 0.1381922507191052, 0.1645362644924724, 0.19258003001243162, 0.1400899615203101, 0.16336626435489165, 0.11753853655104197, 0.13554771821918427, 0.10251940500277217, 0.15360970627174397, 0.12206480078879613, 0.09059481290517181, 0.14528903758891273, 0.18913312529828677, 0.17657402364895589, 0.13417867482520357, 0.15229165803653288, 0.16527216132948905, 0.11049259426015412], [0.02012270754247125, 0.041193373979597624, 0.15063664364620485, 0.09834834888112196, 0.12652948515050394, 0.057802679070950186, 0.04536233892939315, 0.015081209195822553, 0.1502593142390363, 0.1948509062357603, 0.06351492520851305, 0.4318605766343715, 0.022488235272957575, 0.12860695013796772, 0.036202703817831625, 0.008860926801417104, 0.021620458263148366, 0.22605736434488097, 0.13803265527018763, 0.2930879613192172, 0.08986974311894803, 0.0654171692778408, 0.8953938606943642, 0.008253210468120177, 0.08690450011016286, 0.16510503879394794, 0.0, 0.007420016025140125, 0.014920030703298068, 0.016631799407547082, 0.006639923566863913, 0.009633552328226977, 0.012873879387835333, 0.0926678470733528, 0.007147077203493768, 0.02480331453785884, 0.00850801248225947, 0.007747781187587922, 0.010261278348915359, 0.010672140443637913, 0.00799038185463416, 0.05137384689676351, 0.056835391243673754, 0.015933305949516856, 0.012004849686031471, 0.011043894797369504, 0.014004250143518549, 0.011856149470626581, 0.028401477970737922, 0.022232105009039674, 0.050932048340997564, 0.017681481077598708, 0.23333980883859687, 0.08546902180472818, 0.013879018232493425, 0.3765905213446471, 0.010567418986384114, 0.021723181729905058, 0.01615320993373848, 0.013644336308925992, 0.02867049177372427], [0.02321052063090367, 0.052303422172438135, 0.1692369719630511, 0.11594150619757368, 0.15148488111649389, 0.07619007453281665, 0.06248686830531778, 0.020795852785416655, 0.17873774980668541, 0.22505280880029405, 0.07951421948913673, 0.4809367854904251, 0.03090939502769177, 0.15162972210579553, 0.0427530660946442, 0.0018720020714997954, 0.028809969203348468, 0.2610765678234948, 0.16349576121079043, 0.3301831949384178, 0.11347242037066531, 0.0822673083048797, 0.9629448756092944, 0.0051667628275044244, 0.10535888727767188, 0.1938974254411417, 0.007420016025140125, 0.0, 0.02012229405880902, 0.018944282303784598, 0.006490096269601392, 0.008050584383067196, 0.01755666764554046, 0.11565781590325339, 0.009359850536565746, 0.038120488462016315, 0.009676867028287529, 0.01591739744735138, 0.014467100763203103, 0.005891163716544734, 0.012376473414157544, 0.06415584097668198, 0.06997608286345067, 0.018181741410020463, 0.014772715906545329, 0.008167086687147154, 0.021856409332677722, 0.014907617654311513, 0.03746423919442183, 0.02815546558902532, 0.0658477133829762, 0.020653280431689045, 0.26562486359825727, 0.10731913967918506, 0.024349241276979048, 0.42667024647084606, 0.01036582465945903, 0.027257864590652155, 0.01935706061443494, 0.01627316909313863, 0.04294872008690223], [0.02359486581642427, 0.03359335162294015, 0.12853600382093971, 0.09082288075046535, 0.1086514225078603, 0.05526163112426659, 0.04173477955461914, 0.020122142615746123, 0.12786057203179574, 0.17773506078821197, 0.06151973649907317, 0.40014083809614825, 0.025704450180488128, 0.11854388755310782, 0.033006564736169634, 0.02132094989553738, 0.027890028145276646, 0.20181669538567448, 0.1258881511825958, 0.26670129735555453, 0.07615298006838114, 0.05270114116637422, 0.8509639296018703, 0.014867641430681889, 0.07867016504704681, 0.15401363957347342, 0.014920030703298068, 0.02012229405880902, 0.0, 0.018789914481443584, 0.016499598470631836, 0.01683220580708825, 0.011539774226888956, 0.09149400473838812, 0.014713538486582124, 0.023364320560043884, 0.015767828785652055, 0.01294771775024586, 0.015205090994061643, 0.0209114868268945, 0.013860687185560982, 0.039268505698591735, 0.04637993609214894, 0.020024862667797797, 0.014458618899040102, 0.022022294212150757, 0.019682316316474775, 0.013105837364764254, 0.02471900489719656, 0.017490250380589132, 0.04302287076221273, 0.016907960938988085, 0.20392617862775675, 0.07270966845404725, 0.02110762219467816, 0.34412857251162465, 0.01591405669779124, 0.02175844927689326, 0.016220136147564148, 0.011994017181079607, 0.026359355920089447], [0.021359268405574484, 0.035484008024998404, 0.12634498533349622, 0.08804844387606277, 0.10675090630007492, 0.05377092438281328, 0.04094565832427015, 0.017999900345795402, 0.1341688913136792, 0.17659873420579802, 0.055613899958388155, 0.39943851465027796, 0.023879194618121085, 0.12038758363111685, 0.03192273566746799, 0.02140055882572588, 0.02173599080872347, 0.20551404631768638, 0.12341573446321434, 0.26052132290031227, 0.08165121057015413, 0.062142994413250184, 0.8431136977489786, 0.018003080693927736, 0.08349071978048098, 0.15615547942439406, 0.016631799407547082, 0.018944282303784598, 0.018789914481443584, 0.0, 0.02064310681988933, 0.01578982261359925, 0.01802798806921139, 0.0887835445871474, 0.017104154599051367, 0.024890045088058168, 0.015817428178767832, 0.016313306109878637, 0.016619341230651136, 0.02263884432154663, 0.016128452745410738, 0.043881882733511665, 0.04822126703712059, 0.017213401659753155, 0.01946921237308618, 0.02148422316783013, 0.017567661293191695, 0.012518308471435976, 0.026637316921807156, 0.019341553994773705, 0.04120505832604471, 0.019375109619371934, 0.20877631396247529, 0.07077332649414216, 0.02077705642525012, 0.3510686808993564, 0.0170328839306438, 0.020190260607567918, 0.014746365430823862, 0.01562418378144697, 0.02853707663638507], [0.017731472703451174, 0.04880619452640601, 0.15922275747695233, 0.10741211268322516, 0.13639276551642984, 0.06609184862409795, 0.052475503640000074, 0.019390682025512026, 0.16190249180085156, 0.20269385876803403, 0.07023951373006136, 0.4566968200104775, 0.025177530818080933, 0.13700417482759555, 0.04003923271370973, 0.006722462142045873, 0.026996065891978036, 0.23865694739850438, 0.14552551002719818, 0.30761194753859605, 0.10109209864278816, 0.06986066557702056, 0.9213803303714341, 0.005303988822056827, 0.0951627331612414, 0.17133320151580408, 0.006639923566863913, 0.006490096269601392, 0.016499598470631836, 0.02064310681988933, 0.0, 0.009060753162757118, 0.012710391935356396, 0.10302376545063353, 0.006365788503042089, 0.031276808466022696, 0.008344547775028563, 0.013576922196594381, 0.013907412868680752, 0.009197790818392636, 0.008459576097580225, 0.05731238665124769, 0.06209303695009772, 0.017017481052533905, 0.008848861553670647, 0.007044378183620239, 0.017047704409464834, 0.014671910877799454, 0.03230980007769809, 0.02568740146449659, 0.05785451462283966, 0.018080964601879, 0.23800410403890565, 0.09508786314657348, 0.01999152956147594, 0.3885391615403228, 0.011577642046718066, 0.023415426567289344, 0.019166436078697013, 0.01495466324821077, 0.03498758408355007], [0.01957065098687301, 0.04546307022079679, 0.15306581915896472, 0.10412803552649749, 0.13132043557633716, 0.06634083934075523, 0.05117113754531696, 0.016916729421342744, 0.15719713819958822, 0.2030169219109658, 0.06891182425456491, 0.44969692835606295, 0.02621173959408243, 0.139609631594239, 0.04096463974949201, 0.00982241370640564, 0.021830008056925188, 0.23958053546306898, 0.14386759072725494, 0.3032644457017246, 0.10053847842647712, 0.07360332755991811, 0.9215450791655863, 0